eval_loss = 1.1732252836227417
eval_accuracy = 0.8431372549019608
eval_f1 = 0.8940397350993377
eval_combined_score = 0.8685884950006493
eval_expected_saving = 0.5294117647058824
eval_expected_acceleration = 2.125
