eval_loss = 1.1732252836227417
eval_accuracy = 0.8259803921568627
eval_f1 = 0.883415435139573
eval_combined_score = 0.8546979136482178
eval_expected_saving = 0.6200980392156863
eval_expected_acceleration = 2.632258064516129
