eval_loss = 1.1732252836227417
eval_accuracy = 0.7892156862745098
eval_f1 = 0.8603896103896104
eval_combined_score = 0.8248026483320601
