eval_loss = 1.1732252836227417
eval_accuracy = 0.8088235294117647
eval_f1 = 0.8729641693811075
eval_combined_score = 0.8408938493964362
eval_expected_saving = 0.7573529411764706
eval_expected_acceleration = 4.121212121212121
