eval_loss = 1.1732252836227417
eval_accuracy = 0.8161764705882353
eval_f1 = 0.8772504091653027
eval_combined_score = 0.8467134398767691
eval_expected_saving = 0.6887254901960784
eval_expected_acceleration = 3.2125984251968505
